(0, 1, 2) 43 8
(1, 0, 1) 50 1
(0, 2, 2) 44 9
(1, 1, 0) 44 16
(1, 1, 1) 23 2
(2, 0, 1) 51 2
(0, 3, 1) 52 17
(1, 2, 2) 45 10
(2, 1, 0) 45 17
(0, 1, 0) 15 10
(1, 2, 0) 17 10
(2, 1, 0) 45 10
(2, 1, 2) 17 10
(3, 0, 2) 45 10
(0, 4, 0) 46 25
(1, 3, 1) 53 18
(1, 3, 0) 25 18
(2, 2, 2) 46 11
(2, 2, 0) 18 11
(3, 1, 2) 46 18
(1, 3, 0) 25 11
(3, 1, 2) 46 11
(4, 0, 2) 46 11
(0, 5, 2) 47 33
(1, 4, 0) 47 26
(2, 3, 1) 54 19
(0, 3, 0) 24 12
(1, 4, 0) 47 12
(2, 3, 0) 26 12
(3, 2, 0) 47 19
(3, 2, 0) 47 12
(4, 1, 1) 54 19
(4, 1, 0) 26 19
(5, 0, 2) 47 12
(0, 6, 1) 55 41
(1, 5, 1) 55 41
(0, 4, 0) 46 13
(1, 5, 0) 48 13
(2, 4, 2) 48 20
(2, 4, 1) 27 20
(3, 3, 1) 55 20
(4, 2, 1) 55 20
(5, 1, 1) 55 20
(5, 1, 0) 27 20
(6, 0, 0) 48 20
(0, 7, 1) 56 42
(1, 6, 1) 56 42
(2, 5, 1) 56 42
(0, 5, 2) 47 21
(0, 5, 1) 28 21
(1, 6, 0) 49 14
(2, 5, 1) 56 21
(2, 5, 2) 28 21
(3, 4, 2) 49 21
(3, 4, 1) 28 21
(4, 3, 1) 56 21
(5, 2, 1) 56 21
(6, 1, 1) 56 21
(5, 2, 0) 28 21
(7, 0, 0) 49 21
(0, 8, 1) 57 43
(1, 7, 1) 57 43
(2, 6, 1) 57 43
(2, 6, 1) 57 22
(3, 5, 1) 57 22
(0, 6, 1) 55 29
(0, 6, 1) 55 22
(0, 6, 0) 29 15
(1, 7, 0) 50 15
(2, 6, 2) 29 22
(3, 5, 2) 29 22
(3, 3, 2) 27 22
(4, 4, 2) 50 22
(5, 3, 1) 57 22
(6, 2, 0) 50 29
(6, 0, 1) 27 22
(6, 2, 2) 36 29
(7, 1, 1) 57 22
(6, 2, 0) 36 22
(8, 0, 1) 57 29
(1, 8, 1) 58 44
(2, 7, 1) 58 44
(2, 7, 1) 58 23
(3, 6, 1) 58 23
(4, 5, 2) 51 30
(0, 7, 1) 56 23
(1, 8, 1) 58 23
(2, 7, 2) 30 23
(3, 6, 2) 30 23
(4, 5, 2) 51 23
(4, 3, 2) 28 23
(5, 4, 2) 51 23
(6, 3, 1) 58 23
(7, 2, 2) 51 30
(7, 0, 1) 28 23
(7, 2, 1) 37 23
(8, 1, 2) 51 30
(9, 0, 1) 58 30
(0, 8, 1) 57 24
(1, 9, 1) 59 24
(2, 8, 1) 59 24
(3, 7, 1) 59 24
(4, 6, 1) 59 24
(4, 6, 2) 31 24
(5, 5, 2) 52 24
(4, 2, 2) 27 24
(5, 3, 2) 29 24
(6, 4, 2) 52 24
(7, 3, 2) 52 31
(8, 2, 2) 52 31
(8, 0, 1) 57 24
(8, 2, 1) 38 24
(9, 1, 2) 52 31
(10, 0, 1) 59 31
(0, 9, 0) 51 32
(0, 9, 2) 39 32
(1, 10, 1) 60 25
(2, 9, 1) 60 25
(3, 8, 1) 60 25
(4, 7, 1) 60 25
(5, 6, 2) 53 32
(4, 7, 2) 32 25
(5, 6, 2) 53 25
(6, 5, 2) 53 25
(6, 3, 2) 30 25
(7, 4, 2) 53 25
(8, 3, 2) 53 32
(9, 2, 2) 53 32
(9, 0, 1) 58 25
(8, 3, 1) 39 25
(10, 1, 2) 53 32
(11, 0, 2) 51 39
(0, 10, 2) 52 40
(0, 10, 2) 52 33
(0, 10, 1) 40 26
(1, 11, 0) 52 33
(2, 10, 0) 54 33
(3, 9, 0) 54 33
(3, 9, 2) 40 33
(4, 8, 1) 61 26
(5, 7, 1) 61 26
(6, 6, 2) 54 26
(4, 8, 2) 33 26
(7, 5, 0) 54 33
(6, 2, 2) 29 26
(7, 3, 2) 52 26
(8, 4, 2) 54 26
(9, 3, 2) 54 33
(10, 2, 2) 54 33
(10, 0, 1) 59 26
(11, 1, 0) 52 40
(12, 0, 2) 50 40
(0, 11, 2) 51 34
(0, 11, 1) 41 27
(1, 12, 0) 51 34
(2, 11, 0) 53 34
(3, 10, 0) 55 34
(4, 9, 0) 55 34
(3, 10, 2) 41 34
(4, 9, 2) 41 34
(5, 8, 1) 62 27
(6, 7, 1) 62 27
(7, 6, 0) 55 34
(3, 8, 2) 32 27
(4, 9, 2) 41 27
(8, 5, 0) 55 34
(6, 1, 2) 28 27
(7, 2, 2) 30 27
(8, 3, 2) 32 27
(8, 5, 2) 41 27
(9, 4, 2) 55 27
(10, 3, 2) 55 34
(11, 2, 0) 53 41
(11, 0, 2) 51 34
(12, 1, 1) 58 48
(12, 1, 2) 51 41
(13, 0, 0) 49 48
(0, 12, 1) 57 42
(1, 11, 2) 40 35
(0, 12, 1) 57 28
(1, 13, 0) 50 35
(2, 12, 0) 52 35
(3, 11, 0) 54 35
(4, 10, 2) 56 42
(5, 9, 0) 56 35
(2, 10, 2) 40 35
(4, 10, 2) 56 35
(3, 9, 2) 40 28
(4, 10, 2) 56 28
(5, 9, 2) 42 28
(6, 8, 1) 63 28
(7, 7, 0) 56 35
(8, 6, 0) 56 35
(9, 5, 0) 56 35
(7, 1, 2) 29 28
(8, 2, 2) 31 28
(9, 3, 2) 54 28
(8, 6, 2) 42 28
(9, 5, 2) 42 28
(10, 4, 0) 56 35
(11, 3, 0) 54 42
(12, 2, 0) 52 42
(12, 0, 2) 50 35
(13, 1, 1) 57 49
(12, 2, 2) 49 42
(13, 1, 0) 50 49
(0, 13, 0) 49 36
(1, 12, 1) 41 29
(2, 11, 2) 41 36
(1, 14, 0) 49 36
(2, 13, 2) 51 43
(2, 13, 1) 50 43
(3, 12, 1) 60 43
(4, 11, 1) 62 43
(3, 10, 2) 41 29
(4, 11, 2) 50 29
(5, 10, 1) 64 36
(5, 10, 0) 43 36
(6, 9, 0) 57 36
(6, 9, 1) 43 29
(7, 8, 1) 64 29
(8, 7, 2) 57 43
(9, 6, 0) 57 36
(10, 5, 0) 57 36
(8, 1, 2) 51 29
(9, 2, 2) 53 29
(10, 3, 2) 55 29
(8, 7, 2) 57 29
(9, 6, 2) 43 29
(10, 5, 2) 43 29
(11, 4, 1) 62 43
(12, 3, 0) 53 43
(13, 2, 0) 51 43
(12, 1, 2) 51 36
(13, 0, 0) 49 43
(13, 2, 2) 50 43
(0, 14, 2) 48 44
(2, 12, 1) 42 30
(0, 14, 1) 51 44
(1, 15, 0) 48 37
(2, 14, 1) 57 44
(2, 14, 2) 50 44
(3, 13, 2) 52 44
(3, 13, 1) 51 44
(4, 12, 1) 61 44
(5, 11, 1) 63 44
(2, 10, 2) 40 30
(3, 11, 1) 42 37
(4, 12, 2) 51 30
(5, 11, 1) 63 37
(6, 10, 1) 65 37
(5, 11, 0) 44 37
(7, 9, 0) 58 37
(6, 10, 1) 65 30
(7, 9, 1) 44 30
(7, 7, 2) 42 37
(8, 8, 1) 65 30
(7, 7, 2) 42 30
(8, 8, 2) 37 30
(9, 7, 1) 65 37
(9, 7, 0) 44 37
(10, 6, 0) 58 37
(11, 5, 2) 56 44
(8, 0, 2) 31 30
(9, 1, 2) 52 30
(10, 2, 2) 54 30
(11, 3, 0) 54 37
(11, 5, 2) 56 30
(12, 4, 2) 54 51
(12, 4, 0) 54 44
(13, 3, 0) 52 44
(13, 1, 0) 50 44
(11, 1, 1) 47 44
(12, 2, 2) 49 37
(13, 1, 1) 51 44
(14, 0, 0) 48 44
(14, 2, 2) 50 44
(0, 15, 1) 54 52
(2, 13, 1) 50 31
(3, 12, 1) 60 31
(0, 15, 1) 54 45
(0, 15, 0) 47 38
(1, 16, 0) 47 38
(2, 15, 1) 56 45
(3, 14, 1) 58 45
(2, 15, 2) 49 45
(3, 14, 2) 51 45
(4, 13, 2) 53 45
(5, 12, 1) 62 45
(5, 12, 1) 62 38
(6, 11, 0) 57 45
(2, 11, 2) 41 31
(3, 12, 2) 38 31
(4, 13, 2) 53 31
(5, 12, 2) 45 31
(5, 10, 1) 43 31
(6, 11, 2) 52 38
(7, 10, 2) 59 38
(6, 11, 0) 45 38
(7, 10, 0) 45 38
(8, 9, 0) 59 38
(7, 8, 2) 36 31
(8, 7, 1) 36 31
(8, 9, 2) 45 38
(9, 8, 1) 66 31
(8, 9, 2) 45 31
(10, 7, 0) 59 45
(10, 7, 0) 59 38
(11, 6, 1) 64 45
(11, 4, 2) 50 31
(11, 6, 2) 52 31
(12, 5, 2) 55 31
(9, 0, 2) 32 31
(10, 1, 2) 53 31
(11, 2, 0) 53 38
(12, 3, 0) 53 38
(13, 4, 2) 53 52
(13, 4, 0) 53 45
(14, 3, 0) 51 45
(14, 1, 0) 49 45
(13, 2, 2) 50 38
(13, 0, 1) 50 45
(15, 0, 0) 47 45
(14, 1, 2) 49 45
(14, 3, 2) 51 45
(15, 2, 2) 49 45
(0, 16, 1) 53 46
(1, 13, 2) 42 39
(2, 14, 1) 51 32
(3, 13, 1) 51 32
(3, 11, 1) 42 32
(4, 12, 1) 37 32
(1, 17, 1) 53 46
(2, 16, 1) 55 46
(3, 15, 1) 57 46
(2, 16, 2) 48 46
(3, 15, 2) 50 46
(4, 14, 2) 52 46
(3, 13, 2) 39 32
(4, 14, 2) 52 32
(5, 13, 2) 54 32
(6, 12, 1) 63 39
(7, 11, 2) 58 46
(1, 11, 2) 40 32
(6, 12, 2) 46 32
(4, 10, 1) 35 32
(5, 11, 1) 44 32
(7, 11, 2) 58 39
(8, 10, 0) 60 46
(8, 10, 0) 60 39
(9, 9, 0) 60 39
(9, 7, 1) 44 32
(9, 9, 1) 46 32
(10, 8, 0) 60 39
(11, 7, 0) 58 39
(12, 6, 2) 56 53
(10, 4, 1) 42 39
(11, 3, 1) 44 39
(12, 4, 2) 51 32
(10, 6, 1) 44 39
(11, 7, 1) 46 39
(12, 6, 2) 56 32
(13, 5, 2) 54 32
(10, 0, 2) 33 32
(11, 1, 0) 51 39
(12, 2, 0) 44 39
(13, 3, 0) 52 39
(14, 4, 0) 52 46
(15, 3, 0) 50 46
(15, 1, 0) 48 46
(14, 2, 2) 50 39
(14, 0, 1) 51 46
(16, 2, 2) 48 46
(0, 17, 1) 52 47
(0, 13, 2) 43 40
(1, 14, 1) 43 33
(2, 15, 1) 52 33
(3, 14, 1) 52 33
(4, 11, 1) 36 33
(5, 12, 1) 38 33
(1, 18, 1) 52 47
(2, 17, 1) 54 47
(3, 16, 1) 56 47
(4, 15, 1) 58 47
(4, 15, 2) 51 47
(3, 14, 2) 40 33
(4, 15, 2) 51 33
(5, 14, 2) 53 33
(2, 13, 2) 38 33
(6, 13, 2) 55 33
(7, 12, 2) 57 47
(7, 12, 2) 57 40
(8, 11, 2) 59 40
(0, 11, 2) 34 33
(6, 11, 2) 45 33
(7, 12, 2) 57 33
(9, 10, 0) 61 40
(10, 9, 0) 61 40
(11, 8, 0) 59 40
(12, 7, 1) 64 47
(12, 7, 2) 54 33
(13, 6, 2) 55 33
(11, 2, 1) 45 40
(12, 3, 1) 45 40
(13, 4, 2) 52 33
(14, 5, 1) 60 40
(11, 0, 2) 51 33
(13, 2, 0) 45 40
(14, 3, 0) 51 40
(15, 4, 0) 51 47
(16, 3, 1) 56 54
(14, 1, 2) 49 40
(14, 3, 2) 47 40
(15, 2, 2) 49 40
(15, 0, 1) 52 47
(16, 3, 2) 49 47
(0, 14, 2) 48 41
(0, 14, 1) 48 34
(1, 15, 1) 44 34
(2, 16, 1) 53 34
(3, 15, 1) 53 34
(6, 12, 1) 39 34
(1, 19, 1) 51 48
(2, 18, 1) 53 48
(3, 17, 1) 55 48
(4, 16, 1) 57 48
(3, 15, 2) 41 34
(4, 16, 2) 50 34
(5, 15, 2) 52 34
(2, 14, 2) 39 34
(6, 14, 2) 54 34
(1, 13, 2) 42 34
(7, 13, 2) 56 34
(7, 11, 2) 58 34
(8, 12, 2) 58 34
(9, 11, 2) 60 41
(6, 10, 2) 37 34
(9, 11, 0) 48 41
(10, 10, 2) 62 48
(11, 9, 0) 60 41
(12, 8, 2) 58 48
(12, 8, 1) 55 48
(13, 7, 1) 63 48
(12, 8, 2) 55 34
(13, 7, 2) 55 34
(14, 6, 2) 54 34
(11, 1, 1) 46 41
(13, 3, 1) 46 41
(14, 4, 0) 52 41
(14, 4, 1) 48 41
(15, 5, 0) 52 48
(12, 0, 2) 50 34
(13, 1, 0) 50 41
(15, 3, 0) 50 41
(16, 4, 0) 50 48
(15, 1, 1) 53 48
(16, 2, 2) 48 41
(16, 0, 1) 53 48
(0, 15, 1) 45 35
(1, 16, 1) 45 35
(2, 17, 1) 54 35
(3, 16, 1) 56 35
(4, 15, 1) 40 35
(0, 19, 1) 50 49
(4, 17, 1) 56 49
(5, 16, 1) 58 49
(2, 15, 2) 40 35
(4, 17, 2) 49 35
(5, 16, 1) 58 42
(5, 16, 0) 49 42
(6, 15, 2) 53 35
(7, 14, 0) 55 42
(0, 13, 2) 43 35
(8, 13, 2) 57 35
(7, 10, 2) 45 35
(8, 11, 2) 59 35
(9, 12, 2) 59 35
(9, 10, 2) 47 42
(10, 11, 2) 61 42
(10, 11, 0) 49 42
(11, 10, 2) 61 49
(12, 9, 0) 59 42
(11, 8, 2) 47 35
(12, 9, 2) 49 35
(13, 8, 1) 64 42
(14, 7, 2) 55 35
(14, 5, 0) 47 42
(15, 6, 2) 53 35
(12, 1, 1) 43 42
(15, 4, 0) 51 42
(12, 1, 2) 49 35
(13, 0, 0) 49 42
(14, 1, 0) 47 42
(16, 3, 1) 54 49
(16, 5, 1) 58 56
(16, 1, 1) 54 49
(16, 3, 2) 49 42
(17, 2, 1) 54 49
(17, 0, 1) 52 49
(0, 16, 1) 53 36
(1, 17, 1) 53 36
(2, 18, 1) 53 36
(3, 17, 1) 55 36
(4, 16, 1) 41 36
(5, 17, 1) 57 50
(5, 17, 1) 57 43
(6, 16, 1) 59 43
(2, 16, 2) 41 36
(3, 17, 2) 43 36
(4, 18, 2) 48 36
(5, 17, 0) 50 43
(6, 16, 0) 50 43
(7, 15, 0) 54 43
(8, 14, 0) 56 43
(0, 14, 2) 41 36
(8, 14, 2) 50 36
(9, 13, 2) 58 36
(8, 10, 1) 46 43
(9, 11, 2) 48 36
(10, 12, 2) 60 36
(10, 10, 2) 62 43
(11, 11, 2) 60 43
(11, 11, 0) 50 43
(12, 10, 2) 60 50
(13, 9, 0) 58 43
(10, 8, 2) 46 36
(11, 9, 2) 48 36
(12, 10, 2) 60 36
(13, 9, 2) 50 36
(14, 8, 0) 56 50
(14, 8, 2) 56 36
(15, 7, 0) 54 43
(15, 5, 0) 52 43
(15, 5, 2) 50 36
(15, 7, 1) 50 43
(16, 6, 2) 52 36
(13, 1, 1) 48 43
(16, 4, 0) 50 43
(12, 2, 2) 46 36
(14, 0, 0) 48 43
(15, 1, 0) 48 43
(17, 3, 1) 55 50
(17, 3, 2) 48 43
(18, 2, 1) 53 50
(0, 17, 1) 52 37
(1, 18, 1) 52 37
(2, 19, 0) 45 44
(3, 18, 0) 47 44
(3, 18, 2) 47 44
(4, 17, 1) 42 37
(5, 16, 1) 49 37
(6, 17, 1) 58 44
(7, 16, 0) 53 51
(3, 18, 2) 47 37
(4, 19, 2) 47 37
(5, 18, 2) 49 37
(6, 17, 0) 51 44
(7, 16, 0) 53 44
(8, 15, 0) 55 44
(9, 14, 0) 57 44
(8, 15, 2) 51 37
(9, 14, 2) 51 37
(10, 13, 0) 59 44
(9, 10, 2) 47 37
(10, 11, 2) 49 37
(11, 12, 0) 59 44
(10, 9, 2) 47 44
(11, 10, 2) 61 44
(12, 11, 2) 59 44
(11, 10, 2) 61 37
(12, 11, 2) 59 37
(13, 10, 2) 59 37
(13, 8, 0) 49 44
(14, 9, 2) 57 51
(10, 7, 2) 45 37
(10, 9, 2) 47 37
(14, 9, 2) 57 37
(15, 8, 2) 55 37
(16, 7, 0) 53 44
(15, 4, 2) 49 37
(16, 5, 2) 51 37
(16, 7, 1) 51 44
(17, 6, 2) 51 37
(13, 0, 1) 49 44
(17, 4, 0) 49 44
(13, 2, 2) 47 37
(15, 0, 0) 47 44
(16, 1, 0) 47 44
(18, 3, 1) 54 51
(17, 4, 2) 49 44
(18, 1, 1) 52 51
(19, 2, 1) 52 51
(1, 19, 1) 51 38
(3, 19, 0) 46 45
(3, 19, 2) 46 38
(5, 17, 1) 50 38
(6, 16, 1) 50 38
(6, 18, 1) 57 45
(7, 17, 1) 59 45
(8, 16, 2) 54 52
(4, 20, 2) 46 38
(5, 19, 1) 55 45
(5, 19, 0) 48 45
(6, 18, 0) 50 45
(9, 15, 0) 56 45
(10, 14, 0) 58 45
(8, 16, 2) 54 38
(9, 15, 2) 52 38
(10, 14, 2) 52 38
(11, 13, 0) 58 45
(10, 10, 2) 62 38
(11, 11, 2) 50 38
(12, 12, 0) 58 45
(12, 12, 2) 52 38
(13, 11, 2) 58 38
(14, 10, 0) 58 45
(14, 10, 1) 52 45
(15, 9, 1) 63 45
(16, 8, 2) 54 38
(17, 7, 0) 52 45
(16, 4, 1) 50 45
(17, 5, 2) 50 38
(17, 7, 1) 52 45
(18, 6, 2) 50 38
(14, 0, 1) 50 45
(18, 4, 0) 48 45
(14, 2, 2) 50 38
(17, 1, 0) 46 45
(19, 3, 1) 53 52
(18, 4, 2) 48 45
(0, 19, 1) 50 39
(2, 19, 2) 45 39
(3, 20, 2) 45 39
(6, 17, 1) 51 39
(6, 19, 1) 56 46
(7, 18, 1) 58 46
(8, 17, 1) 60 46
(7, 16, 2) 51 39
(8, 17, 2) 53 39
(9, 16, 1) 62 46
(5, 20, 2) 47 39
(7, 18, 0) 51 46
(9, 16, 0) 53 46
(10, 15, 0) 57 46
(11, 14, 0) 57 46
(12, 13, 1) 64 53
(12, 13, 2) 57 53
(13, 12, 0) 57 46
(12, 13, 2) 57 39
(14, 11, 0) 57 46
(15, 10, 1) 64 53
(14, 11, 1) 53 46
(15, 10, 1) 64 46
(16, 9, 1) 62 46
(16, 9, 2) 53 39
(17, 8, 2) 53 39
(18, 7, 0) 51 46
(16, 3, 1) 49 46
(17, 4, 2) 49 39
(18, 5, 2) 49 39
(18, 7, 1) 53 46
(19, 6, 2) 49 39
(15, 0, 1) 51 46
(18, 3, 0) 47 46
(19, 4, 0) 47 46
(14, 1, 2) 49 39
(14, 3, 2) 47 39
(15, 2, 2) 49 39
(17, 2, 0) 47 46
(0, 20, 1) 49 40
(2, 20, 2) 44 40
(3, 21, 2) 44 40
(6, 18, 1) 52 40
(7, 17, 1) 59 40
(6, 20, 1) 55 47
(9, 17, 1) 61 47
(7, 17, 2) 47 40
(8, 18, 2) 52 40
(10, 16, 0) 56 54
(6, 20, 0) 48 47
(7, 19, 0) 50 47
(9, 17, 0) 54 47
(10, 16, 0) 56 47
(11, 15, 0) 56 47
(12, 14, 0) 56 47
(13, 13, 1) 63 54
(11, 13, 1) 52 47
(12, 14, 2) 54 40
(13, 13, 1) 63 47
(13, 13, 0) 54 47
(14, 12, 1) 63 54
(15, 11, 1) 63 54
(15, 11, 1) 63 47
(16, 10, 1) 63 47
(14, 12, 1) 63 47
(17, 9, 2) 54 40
(18, 8, 2) 52 40
(19, 7, 1) 57 54
(15, 3, 1) 48 47
(16, 2, 1) 48 47
(17, 3, 1) 50 47
(17, 3, 2) 48 40
(18, 4, 2) 48 40
(19, 5, 2) 48 40
(19, 7, 1) 57 47
(19, 7, 2) 50 40
(20, 6, 2) 48 40
(15, 1, 1) 50 47
(16, 0, 1) 53 47
(16, 2, 2) 48 40
(0, 21, 1) 48 41
(1, 20, 2) 43 41
(2, 21, 2) 43 41
(3, 22, 1) 50 48
(4, 21, 1) 52 48
(6, 19, 1) 56 41
(7, 18, 1) 53 41
(8, 17, 1) 46 41
(6, 21, 1) 54 48
(7, 20, 1) 56 48
(9, 18, 1) 60 48
(8, 19, 0) 51 48
(9, 18, 0) 53 48
(10, 17, 0) 55 48
(7, 20, 0) 49 48
(11, 16, 1) 62 55
(12, 15, 0) 55 48
(13, 14, 0) 55 48
(13, 12, 1) 53 48
(13, 14, 1) 55 48
(14, 13, 1) 62 48
(10, 13, 1) 51 48
(11, 12, 1) 51 48
(11, 14, 1) 53 48
(12, 15, 2) 55 41
(16, 11, 1) 62 48
(17, 10, 1) 62 48
(17, 10, 2) 55 41
(18, 9, 2) 53 41
(19, 8, 1) 58 48
(20, 7, 1) 56 48
(16, 1, 1) 51 48
(17, 2, 1) 53 48
(18, 3, 1) 53 48
(16, 3, 2) 49 41
(19, 4, 1) 53 48
(20, 5, 2) 47 41
(21, 6, 1) 54 48
(17, 0, 1) 52 48
(1, 21, 1) 49 42
(4, 22, 1) 51 49
(5, 21, 1) 53 49
(5, 19, 1) 52 42
(6, 20, 1) 54 42
(7, 19, 2) 50 49
(8, 16, 1) 45 42
(9, 17, 1) 54 42
(7, 21, 1) 55 49
(8, 20, 1) 57 49
(9, 19, 0) 52 49
(10, 18, 0) 54 49
(11, 17, 1) 61 56
(12, 16, 1) 61 56
(12, 16, 0) 54 49
(13, 15, 0) 54 49
(14, 14, 0) 54 49
(14, 14, 1) 56 49
(15, 13, 1) 61 49
(11, 15, 1) 54 49
(13, 15, 2) 54 42
(16, 12, 1) 61 49
(17, 11, 1) 61 49
(17, 11, 2) 54 42
(18, 10, 2) 54 42
(19, 9, 2) 52 42
(20, 8, 1) 57 49
(21, 7, 1) 55 49
(18, 2, 1) 53 49
(19, 3, 1) 53 49
(20, 4, 2) 46 42
(21, 5, 2) 46 42
(22, 6, 1) 53 49
(5, 22, 1) 52 50
(4, 19, 1) 44 43
(6, 21, 1) 54 43
(7, 20, 1) 55 43
(9, 16, 1) 53 43
(9, 18, 1) 55 43
(7, 22, 1) 54 50
(8, 19, 1) 55 50
(9, 20, 1) 58 50
(11, 18, 1) 60 57
(12, 17, 0) 53 50
(13, 16, 0) 53 50
(14, 15, 0) 53 50
(15, 14, 0) 53 50
(16, 13, 1) 60 50
(10, 15, 1) 53 50
(11, 16, 1) 62 50
(13, 16, 2) 53 43
(14, 15, 2) 53 43
(17, 12, 1) 60 50
(18, 11, 1) 60 50
(16, 11, 2) 55 43
(18, 11, 2) 53 43
(19, 10, 2) 53 43
(20, 9, 2) 51 43
(22, 7, 1) 54 50
(18, 1, 1) 52 50
(19, 2, 1) 52 50
(20, 3, 1) 52 50
(20, 3, 2) 45 43
(21, 4, 1) 52 50
(22, 5, 2) 45 43
(5, 21, 1) 53 44
(7, 21, 1) 55 44
(8, 20, 1) 57 44
(8, 22, 1) 55 51
(10, 20, 1) 59 51
(11, 19, 1) 59 58
(12, 18, 1) 59 58
(13, 17, 0) 52 51
(16, 14, 1) 59 51
(17, 13, 1) 59 51
(11, 17, 1) 61 51
(12, 16, 1) 56 51
(14, 16, 2) 52 44
(15, 15, 2) 52 44
(19, 11, 1) 59 51
(15, 11, 2) 54 44
(18, 12, 2) 52 44
(20, 10, 1) 59 51
(20, 8, 2) 50 44
(21, 9, 2) 50 44
(23, 7, 1) 53 51
(19, 3, 2) 46 44
(4, 21, 1) 52 45
(5, 22, 1) 52 45
(7, 22, 1) 54 45
(8, 19, 1) 55 45
(9, 20, 1) 58 45
(8, 23, 1) 54 52
(10, 19, 1) 60 52
(17, 14, 1) 58 52
(11, 18, 1) 60 52
(14, 17, 2) 51 45
(15, 16, 2) 51 45
(15, 14, 2) 53 45
(16, 15, 2) 51 45
(15, 10, 2) 53 45
(15, 12, 2) 55 45
(17, 12, 0) 53 52
(18, 13, 2) 51 45
(19, 12, 2) 51 45
(21, 8, 2) 49 45
(21, 10, 2) 51 45
(22, 9, 2) 49 45
(23, 8, 1) 54 52
(3, 21, 1) 47 46
(4, 22, 1) 51 46
(5, 23, 1) 51 46
(8, 22, 1) 55 46
(10, 20, 1) 59 46
(11, 19, 1) 59 53
(17, 15, 1) 57 53
(18, 14, 1) 57 53
(12, 18, 1) 59 53
(15, 17, 1) 57 53
(16, 16, 1) 57 53
(15, 13, 2) 54 46
(16, 14, 2) 52 46
(14, 12, 2) 54 46
(16, 12, 0) 54 53
(18, 14, 2) 50 46
(19, 13, 2) 50 46
(20, 12, 2) 50 46
(22, 8, 2) 48 46
(21, 11, 2) 50 46
(22, 10, 2) 50 46
(23, 9, 2) 48 46
(3, 22, 1) 50 47
(4, 23, 1) 50 47
(6, 23, 1) 52 47
(8, 23, 1) 54 47
(10, 19, 1) 60 47
(18, 15, 1) 56 54
(19, 14, 1) 56 54
(15, 18, 1) 56 54
(14, 13, 2) 55 47
(16, 13, 2) 53 47
(17, 14, 2) 51 47
(20, 13, 2) 49 47
(20, 11, 2) 51 47
(21, 12, 2) 49 47
(22, 11, 2) 49 47
(23, 10, 2) 49 47
(3, 23, 1) 49 48
(11, 19, 1) 59 48
(14, 18, 1) 57 55
(11, 18, 1) 60 49
(11, 17, 1) 61 50
(12, 18, 1) 59 50
